32 873
700 879
518 725
380 47
322 376
7 689
399 560
361 967
613 1
502 126
607 12
406 562
811 91
494 332
824 172
94 831
316 426
491 871
68 486
778 151
761 774
390 152
658 156
856 845
351 502
986 161
368 861
468 124
524 846
571 671
568 544
487 666
850 700
611 338
437 217
956 391
378 998
769 340
547 15
316 192
856 57
768 467
399 979
91 680
532 475
851 839
719 273
881 216
464 424
843 632
581 828
801 761
538 436
68 506
680 618
753 344
631 45
625 617
312 54
145 171
613 863
775 392
882 211
951 660
133 947
450 465
10 860
223 948
369 557
126 444
541 533
457 645
197 644
573 413
43 93
419 868
460 681
238 325
586 525
329 855
284 660
253 712
889 930
511 677
631 384
334 353
142 933
913 845
531 370
69 820
70 995
107 841
683 985
352 71
54 332
651 857
364 653
957 474
380 426
948 289
846 224
529 954
931 350
982 752
755 867
464 146
887 374
544 667
61 76
462 734
245 580
852 700
653 634
734 374
236 455
669 587
675 642
134 863
947 685
313 127
71 948
707 472
720 629
192 391
41 593
417 593
132 188
720 413
326 94
50 119
648 37
770 914
538 692
551 204
229 465
27 839
954 887
301 332
496 264
874 743
489 874
84 838
235 420
686 301
767 722
745 305
337 555
672 497
497 395
802 481
473 356
632 260
588 952
506 645
67 462
259 593
692 551
113 565
401 531
878 466
132 69
362 470
903 446
729 30
380 461
420 695
939 916
198 917
555 206
791 897
677 905
601 668
610 412
955 19
842 638
416 584
163 462
726 403
413 153
88 514
152 275
593 710
606 611
783 388
774 535
544 568
682 843
719 513
375 491
131 90
410 865
962 926
252 173
772 695
252 318
801 340
549 116
551 874
585 66
101 457
689 947
19 814
518 420
237 701
43 434
744 51
134 720
514 636
755 832
626 552
216 228
184 629
946 641
214 886
771 579
448 509
707 110
545 400
925 242
65 296
592 90
250 557
3 729
458 253
553 89
933 844
854 512
427 817
492 608
77 915
750 878
873 179
886 137
978 879
412 199
140 566
180 372
471 882
993 325
864 485
868 533
436 411
66 88
456 493
475 859
355 967
961 131
604 257
877 634
405 21
981 535
405 944
639 355
863 418
354 975
33 235
323 858
806 624
948 359
43 487
959 539
376 502
99 202
715 828
108 984
101 497
94 174
49 239
229 627
35 413
141 568
296 878
261 272
720 187
882 660
165 203
651 583
220 307
773 165
57 683
225 890
727 805
891 284
990 100
638 899
510 969
995 49
64 777
305 168
191 190
886 951
615 212
32 438
610 608
414 55
422 956
779 163
792 457
667 104
612 726
234 849
750 280
176 301
120 66
168 38
146 421
207 766
863 83
735 41
58 443
434 885
974 36
166 764
350 404
581 15
748 829
567 230
411 132
848 278
173 672
726 634
256 916
166 411
167 472
162 47
251 277
628 899
915 705
816 94
959 720
637 858
920 844
116 220
873 638
604 392
651 587
322 389
16 769
249 407
930 461
369 309
695 873
836 84
413 546
628 531
882 531
895 506
817 394
294 25
994 237
256 144
753 394
335 76
72 184
458 186
314 141
190 600
611 407
849 927
771 587
662 224
543 197
945 690
37 1
696 733
136 936
864 10
745 41
990 729
801 783
902 42
98 454
608 597
66 839
565 423
854 202
76 131
230 740
625 62
70 46
605 415
428 803
17 571
505 868
424 803
141 161
642 320
792 275
389 103
378 529
399 339
756 264
315 310
49 529
993 526
532 982
735 478
279 707
366 901
328 876
0 592
668 690
786 870
990 750
949 530
744 107
935 714
729 537
550 457
130 206
544 799
652 798
238 267
153 317
409 201
966 259
868 894
928 580
834 737
990 887
488 619
144 590
839 628
354 332
363 699
79 871
682 242
8 727
954 917
578 340
519 676
930 169
780 923
13 177
273 112
645 387
361 427
473 750
15 201
959 404
691 630
683 508
437 925
511 211
912 460
415 18
229 679
38 749
152 478
394 526
420 525
481 735
708 546
938 732
6 859
300 101
10 607
863 671
438 950
638 111
78 171
378 868
763 87
212 404
381 356
995 170
519 293
53 534
323 585
698 924
663 839
477 764
776 284
881 410
129 21
924 171
360 174
793 678
819 936
526 323
403 17
525 211
85 216
556 95
788 897
756 75
39 950
112 377
112 405
789 455
245 270
690 727
857 295
624 747
600 308
502 258
513 499
60 613
497 521
685 273
846 558
98 658
558 580
767 463
747 844
140 642
522 322
34 673
359 164
731 381
98 463
663 544
422 585
865 759
846 63
747 551
23 588
91 498
413 956
620 240
204 896
936 601
677 622
64 669
101 567
394 636
624 222
323 377
575 216
480 256
27 768
23 382
511 439
116 629
230 650
388 13
241 812
834 680
620 0
380 604
761 47
72 308
594 601
642 337
713 154
45 988
85 329
371 770
289 712
467 420
970 344
498 829
535 598
602 128
929 499
818 309
714 762
426 180
557 695
923 163
686 902
881 428
808 154
94 113
500 142
489 942
91 832
511 374
626 45
821 528
566 442
425 519
528 579
584 513
477 814
153 774
517 867
318 188
575 562
47 285
77 822
970 583
950 283
796 123
98 26
841 474
848 754
704 82
720 437
655 791
272 863
811 550
717 772
774 826
447 228
999 976
621 682
783 918
466 747
450 738
27 35
980 503
668 535
91 426
755 939
498 710
587 978
907 850
844 327
85 904
516 880
240 278
525 215
778 828
22 917
472 719
660 972
987 276
963 877
697 266
298 212
739 428
833 409
285 789
321 138
85 290
495 245
445 519
349 457
921 869
626 134
187 304
361 193
737 8
435 943
288 568
712 7
35 51
466 655
169 264
499 876
432 718
565 248
784 357
448 212
691 884
316 651
919 617
794 787
191 152
519 279
526 761
813 51
593 381
521 847
963 226
966 690
690 588
471 453
278 109
847 530
715 881
818 135
911 68
367 129
599 323
605 392
448 201
867 650
936 906
391 381
295 205
118 873
656 28
866 765
416 343
369 437
665 142
453 432
502 0
912 661
952 485
505 571
206 876
845 543
920 48
866 804
317 86
965 778
942 195
902 370
9 713
6 909
397 597
296 571
546 594
635 936
686 378
176 952
51 377
920 0
998 648
405 943
253 131
200 980
801 833
81 939
307 46
551 102
342 440
578 28
86 13
294 906
642 200
688 847
569 103
221 182
741 720
679 296
199 254
507 695
207 77
346 68
353 681
470 827
151 997
352 228
279 804
643 465
261 538
442 311
163 726
834 736
601 432
346 659
166 547
132 441
185 510
426 975
595 52
29 283
583 845
390 311
567 548
118 236
46 548
642 965
794 903
50 652
928 361
85 16
380 54
690 956
390 469
430 451
751 527
671 28
646 179
348 135
99 756
780 613
260 385
17 66
961 237
868 364
240 976
880 665
832 793
229 361
935 599
695 50
914 496
640 209
994 432
172 538
405 22
497 49
886 886
783 829
941 488
747 103
735 389
550 610
73 33
548 579
470 659
876 541
912 706
858 41
563 140
750 846
320 422
386 598
827 499
872 998
270 37
605 500
59 343
532 190
263 818
756 993
514 579
296 598
924 851
52 534
464 65
826 632
154 162
503 706
358 461
395 668
481 597
71 437
326 457
915 963
470 740
89 368
30 766
535 754
334 403
129 469
127 558
152 724
117 476
777 248
839 235
365 354
89 175
986 152
379 721
718 842
215 966
969 13
257 657
281 590
846 706
802 627
691 180
901 464
992 781
203 818
659 185
666 317
825 284
154 587
312 235
427 476
271 510
321 195
788 527
419 185
841 307
465 266
645 572
315 218
57 69
279 273
445 511
270 130
124 403
341 998
232 207
774 886
715 757
136 806
899 542
379 814
991 547
320 847
718 568
624 132
257 563
691 520
518 425
714 503
859 692
530 799
278 192
770 348
217 240
284 277
129 70
729 889
114 396
755 17
26 566
193 146
628 614
257 555
592 584
811 352
323 954
418 671
888 586
989 527
596 664
576 744
107 231
22 161
291 539
965 828
458 149
936 245
971 846
113 757
733 774
625 121
472 842
169 911
315 373
98 860
616 177
82 462
635 704
890 160
221 716
833 222
322 948
967 977
773 565
150 424
558 835
690 355
402 328
415 36
392 113
638 190
30 900
689 470
12 786
384 899
833 307
53 756
232 763
516 203
380 398
706 564
694 843
479 517
90 408
507 637
552 187
62 652
883 695
917 506
618 694
578 814
148 167
508 578
254 931
76 113
420 200
499 939
481 545
123 66
378 70
15 477
90 293
9 804
54 196
984 175
740 121
406 962
386 717
892 656
295 944
817 479
477 200
823 347
922 34
382 771
206 501
479 849
686 183
845 10
62 77
115 360
651 44
758 468
331 278
591 257
745 316
244 167
12 402
980 172
894 684
866 287
101 553
412 173
165 664
437 79
105 583
111 887
941 777
828 224
935 659
808 669
370 703
99 896
538 232
32 873
700 879
518 725
380 47
322 376
7 689
399 560
361 967
613 1
502 126
607 12
406 562
811 91
494 332
824 172
94 831
316 426
491 871
68 486
778 151
761 774
390 152
658 156
856 845
351 502
986 161
368 861
468 124
524 846
571 671
568 544
487 666
850 700
611 338
437 217
956 391
378 998
769 340
547 15
316 192
856 57
768 467
399 979
91 680
532 475
851 839
719 273
881 216
464 424
843 632
581 828
801 761
538 436
68 506
680 618
753 344
631 45
625 617
312 54
145 171
613 863
775 392
882 211
951 660
133 947
450 465
10 860
223 948
369 557
126 444
541 533
457 645
197 644
573 413
43 93
419 868
460 681
238 325
586 525
329 855
284 660
253 712
889 930
511 677
631 384
334 353
142 933
913 845
531 370
69 820
70 995
107 841
683 985
352 71
54 332
651 857
364 653
957 474
380 426
948 289
846 224
529 954
931 350
982 752
755 867
464 146
887 374
544 667
61 76
462 734
245 580
852 700
653 634
734 374
236 455
669 587
675 642
134 863
947 685
313 127
71 948
707 472
720 629
192 391
41 593
417 593
132 188
720 413
326 94
50 119
648 37
770 914
538 692
551 204
229 465
27 839
954 887
301 332
496 264
874 743
489 874
84 838
235 420
686 301
767 722
745 305
337 555
672 497
497 395
802 481
473 356
632 260
588 952
506 645
67 462
259 593
692 551
113 565
401 531
878 466
132 69
362 470
903 446
729 30
380 461
420 695
939 916
198 917
555 206
791 897
677 905
601 668
610 412
955 19
842 638
416 584
163 462
726 403
413 153
88 514
152 275
593 710
606 611
783 388
774 535
544 568
682 843
719 513
375 491
131 90
410 865
962 926
252 173
772 695
252 318
801 340
549 116
551 874
585 66
101 457
689 947
19 814
518 420
237 701
43 434
744 51
134 720
514 636
755 832
626 552
216 228
184 629
946 641
214 886
771 579
448 509
707 110
545 400
925 242
65 296
592 90
250 557
3 729
458 253
553 89
933 844
854 512
427 817
492 608
77 915
750 878
873 179
886 137
978 879
412 199
140 566
180 372
471 882
993 325
864 485
868 533
436 411
66 88
456 493
475 859
355 967
961 131
604 257
877 634
405 21
981 535
405 944
639 355
863 418
354 975
33 235
323 858
806 624
948 359
43 487
959 539
376 502
99 202
715 828
108 984
101 497
94 174
49 239
229 627
35 413
141 568
296 878
261 272
720 187
882 660
165 203
651 583
220 307
773 165
57 683
225 890
727 805
891 284
990 100
638 899
510 969
995 49
64 777
305 168
191 190
886 951
615 212
32 438
610 608
414 55
422 956
779 163
792 457
667 104
612 726
234 849
750 280
176 301
120 66
168 38
146 421
207 766
863 83
735 41
58 443
434 885
974 36
166 764
350 404
581 15
748 829
567 230
411 132
848 278
173 672
726 634
256 916
166 411
167 472
162 47
251 277
628 899
915 705
816 94
959 720
637 858
920 844
116 220
873 638
604 392
651 587
322 389
16 769
249 407
930 461
369 309
695 873
836 84
413 546
628 531
882 531
895 506
817 394
294 25
994 237
256 144
753 394
335 76
72 184
458 186
314 141
190 600
611 407
849 927
771 587
662 224
543 197
945 690
37 1
696 733
136 936
864 10
745 41
990 729
801 783
902 42
98 454
608 597
66 839
565 423
854 202
76 131
230 740
625 62
70 46
605 415
428 803
17 571
505 868
424 803
141 161
642 320
792 275
389 103
378 529
399 339
756 264
315 310
49 529
993 526
532 982
735 478
279 707
366 901
328 876
0 592
668 690
786 870
990 750
949 530
744 107
935 714
729 537
550 457
130 206
544 799
652 798
238 267
153 317
409 201
966 259
868 894
928 580
834 737
990 887
488 619
144 590
839 628
354 332
363 699
79 871
682 242
8 727
954 917
578 340
519 676
930 169
780 923
13 177
273 112
645 387
361 427
473 750
15 201
959 404
691 630
683 508
437 925
511 211
912 460
415 18
229 679
38 749
152 478
394 526
420 525
481 735
708 546
938 732
6 859
300 101
10 607
863 671
438 950
638 111
78 171
378 868
763 87
212 404
381 356
995 170
519 293
53 534
323 585
698 924
663 839
477 764
776 284
881 410
129 21
924 171
360 174
793 678
819 936
526 323
403 17
525 211
85 216
556 95
788 897
756 75
39 950
112 377
112 405
789 455
245 270
690 727
857 295
624 747
600 308
502 258
513 499
60 613
497 521
685 273
846 558
98 658
558 580
767 463
747 844
140 642
522 322
34 673
359 164
731 381
98 463
663 544
422 585
865 759
846 63
747 551
23 588
91 498
413 956
620 240
204 896
936 601
677 622
64 669
101 567
394 636
624 222
323 377
575 216
480 256
27 768
23 382
511 439
116 629
230 650
388 13
241 812
834 680
620 0
380 604
761 47
72 308
594 601
642 337
713 154
45 988
85 329
371 770
289 712
467 420
970 344
498 829
535 598
602 128
929 499
818 309
714 762
426 180
557 695
923 163
686 902
881 428
808 154
94 113
500 142
489 942
91 832
511 374
626 45
821 528
566 442
425 519
528 579
584 513
477 814
153 774
517 867
318 188
575 562
47 285
77 822
970 583
950 283
796 123
98 26
841 474
848 754
704 82
720 437
655 791
272 863
811 550
717 772
774 826
447 228
999 976
621 682
783 918
466 747
450 738
27 35
980 503
668 535
91 426
755 939
498 710
587 978
907 850
844 327
85 904
516 880
240 278
525 215
778 828
22 917
472 719
660 972
987 276
963 877
697 266
298 212
739 428
833 409
285 789
321 138
85 290
495 245
445 519
349 457
921 869
626 134
187 304
361 193
737 8
435 943
288 568
712 7
35 51
466 655
169 264
499 876
432 718
565 248
784 357
448 212
691 884
316 651
919 617
794 787
191 152
519 279
526 761
813 51
593 381
521 847
963 226
966 690
690 588
471 453
278 109
847 530
715 881
818 135
911 68
367 129
599 323
605 392
448 201
867 650
936 906
391 381
295 205
118 873
656 28
866 765
416 343
369 437
665 142
453 432
502 0
912 661
952 485
505 571
206 876
845 543
920 48
866 804
317 86
965 778
942 195
902 370
9 713
6 909
397 597
296 571
546 594
635 936
686 378
176 952
51 377
920 0
998 648
405 943
253 131
200 980
801 833
81 939
307 46
551 102
342 440
578 28
86 13
294 906
642 200
688 847
569 103
221 182
741 720
679 296
199 254
507 695
207 77
346 68
353 681
470 827
151 997
352 228
279 804
643 465
261 538
442 311
163 726
834 736
601 432
346 659
166 547
132 441
185 510
426 975
595 52
29 283
583 845
390 311
567 548
118 236
46 548
642 965
794 903
50 652
928 361
85 16
380 54
690 956
390 469
430 451
751 527
671 28
646 179
348 135
99 756
780 613
260 385
17 66
961 237
868 364
240 976
880 665
832 793
229 361
935 599
695 50
914 496
640 209
994 432
172 538
405 22
497 49
886 886
783 829
941 488
747 103
735 389
550 610
73 33
548 579
470 659
876 541
912 706
858 41
563 140
750 846
320 422
386 598
827 499
872 998
270 37
605 500
59 343
532 190
263 818
756 993
514 579
296 598
924 851
52 534
464 65
826 632
154 162
503 706
358 461
395 668
481 597
71 437
326 457
915 963
470 740
89 368
30 766
535 754
334 403
129 469
127 558
152 724
117 476
777 248
839 235
365 354
89 175
986 152
379 721
718 842
215 966
969 13
257 657
281 590
846 706
802 627
691 180
901 464
992 781
203 818
659 185
666 317
825 284
154 587
312 235
427 476
271 510
321 195
788 527
419 185
841 307
465 266
645 572
315 218
57 69
279 273
445 511
270 130
124 403
341 998
232 207
774 886
715 757
136 806
899 542
379 814
991 547
320 847
718 568
624 132
257 563
691 520
518 425
714 503
859 692
530 799
278 192
770 348
217 240
284 277
129 70
729 889
114 396
755 17
26 566
193 146
628 614
257 555
592 584
811 352
323 954
418 671
888 586
989 527
596 664
576 744
107 231
22 161
291 539
965 828
458 149
936 245
971 846
113 757
733 774
625 121
472 842
169 911
315 373
98 860
616 177
82 462
635 704
890 160
221 716
833 222
322 948
967 977
773 565
150 424
558 835
690 355
402 328
415 36
392 113
638 190
30 900
689 470
12 786
384 899
833 307
53 756
232 763
516 203
380 398
706 564
694 843
479 517
90 408
507 637
552 187
62 652
883 695
917 506
618 694
578 814
148 167
508 578
254 931
76 113
420 200
499 939
481 545
123 66
378 70
15 477
90 293
9 804
54 196
984 175
740 121
406 962
386 717
892 656
295 944
817 479
477 200
823 347
922 34
382 771
206 501
479 849
686 183
845 10
62 77
115 360
651 44
758 468
331 278
591 257
745 316
244 167
12 402
980 172
894 684
866 287
101 553
412 173
165 664
437 79
105 583
111 887
941 777
828 224
935 659
808 669
370 703
99 896
538 232