0.00 0.00 0.00 0.00 0.00 0.00 0.00 0.00 0.00 0.00 0.00 0.00 10.54 11.17 10.77 10.71 11.59 11.54 11.57 12.61 12.85 21.06 26.94 12.31 10.45 11.19 11.06 11.71 14.33 56.02 17.85 38.38 42.68 31.38 15.32 12.68 13.37 17.91 14.95 15.91 10.71 12.16 21.06 10.91 17.15 22.43 13.60 13.08 15.95 26.11 18.52 17.60 18.48 22.20 0.00 0.00 0.00 0.00 0.00 0.00
0.00 0.00 0.00 0.00 0.00 0.00 0.00 0.00 0.00 0.00 0.00 36.85 43.07 50.38 118.09 802.45 79.20 652.97 453.08 882.16 1057.19 1128.87 193.33 56.59 246.68 1345.52 1707.78 484.39 2148.49 2466.79 2895.79 3505.43 4440.22 6054.84 9514.75 32.74 100.16 182.23 100.23 -5123.33 390.63 659.44 -3600.18 248.52 1644.52 -2378.69 -1850.09 222.75 257.16 -1332.07 -1210.97 1065.65 191.66 143.85 0.00 0.00 0.00 0.00 0.00 0.00
0.00 0.00 0.00 0.00 0.00 0.00 0.00 0.00 0.00 0.00 0.00 31.95 69.23 193.90 765.55 797.64 843.08 222.01 925.05 994.08 422.88 363.95 225.39 254.21 1417.09 1402.17 1665.08 1876.15 2148.49 2466.79 2895.79 3505.43 4440.22 6054.84 9514.75 59.10 133.61 1318.88 778.99 1110.05 87.81 1752.72 -2960.14 -2378.69 318.68 225.01 465.76 -1850.09 143.08 -3027.42 -1168.48 -1293.27 -1178.82 752.58 313.43 0.00 0.00 0.00 0.00 0.00
0.00 0.00 0.00 0.00 0.00 0.00 0.00 0.00 0.00 0.00 21.89 20.42 135.79 693.78 679.63 394.10 129.45 735.95 888.04 965.26 938.07 360.02 388.36 1305.95 1417.09 1548.91 1091.86 1585.79 2148.49 2466.79 2895.79 3505.43 4440.22 6054.84 9514.75 128.45 146.86 3700.18 -7400.36 130.47 130.47 -11100.54 -3600.18 -2296.66 894.00 75.22 134.15 -1480.07 398.82 433.90 -1280.83 -1119.38 -1032.61 -965.26 378.43 0.00 0.00 0.00 0.00 0.00
0.00 0.00 0.00 0.00 0.00 0.00 0.00 0.00 0.00 16.58 29.71 74.75 240.01 666.03 579.16 666.03 843.08 374.18 756.86 986.71 548.17 497.04 1091.86 1305.95 1417.09 1548.91 1604.90 1876.15 2148.49 2466.79 2775.14 3505.43 4440.22 6054.84 9514.75 500.78 -66603.26 -13320.65 3248.94 -5328.26 125.08 -3171.58 -10246.66 -2296.66 -2018.28 230.46 51.39 534.97 -1359.25 506.49 2114.39 -1233.39 -1178.82 -965.26 -912.37 2718.50 0.00 0.00 0.00 0.00
0.00 0.00 0.00 0.00 0.00 0.00 0.00 0.00 0.00 34.46 29.48 34.00 616.70 643.51 765.55 802.45 837.78 788.20 938.07 994.08 576.65 625.38 1210.97 1305.95 1417.09 1548.91 1707.78 1902.95 2148.49 2466.79 2895.79 3505.43 4440.22 6054.84 9514.75 3027.42 -66603.26 -13320.65 -8325.41 Inf -8325.41 1513.71 -2664.13 -2296.66 -2018.28 -1800.09 735.95 253.73 -1359.25 -1256.67 -4757.38 -2466.79 -1032.61 -965.26 -912.37 -864.98 0.00 0.00 0.00 0.00
0.00 0.00 0.00 0.00 0.00 0.00 0.00 0.00 0.00 41.08 27.62 571.70 701.09 619.57 765.55 329.72 613.85 832.54 912.37 797.64 628.33 1128.87 1210.97 1305.95 1417.09 1548.91 1707.78 1902.95 2148.49 2466.79 2895.79 3505.43 4440.22 6054.84 9514.75 19029.50 -66603.26 -13320.65 -66603.26 -19029.50 -4757.38 -6660.33 918.67 -2378.69 -2018.28 -1800.09 -1624.47 294.05 -1496.70 -1256.67 -1168.48 382.78 22201.09 -1210.97 -912.37 -864.98 -1082.98 0.00 0.00 0.00
0.00 0.00 0.00 0.00 0.00 0.00 0.00 0.00 20.61 91.24 351.47 672.76 701.09 708.55 765.55 797.64 761.18 802.45 265.35 931.51 882.16 1128.87 1210.97 1305.95 1345.52 1480.07 1686.16 951.48 1110.05 2466.79 2895.79 3505.43 4440.22 6054.84 9514.75 22201.09 -133206.52 -13320.65 1930.53 12109.68 -7835.68 3415.55 451.55 -2296.66 -2018.28 -1800.09 -1624.47 -4757.38 -1624.47 -1268.63 -1168.48 -1091.86 -1024.67 -1001.55 -918.67 2513.33 -848.45 0.00 0.00 0.00
0.00 0.00 0.00 0.00 0.00 0.00 0.00 0.00 45.11 245.77 127.47 592.03 701.09 731.90 765.55 802.45 387.23 864.98 938.07 690.19 965.26 1128.87 1210.97 1293.27 646.63 994.08 925.05 1876.15 2148.49 2466.79 2895.79 3505.43 4440.22 6054.84 9514.75 22201.09 -133206.52 979.46 311.23 250.86 115.03 141.56 170.78 -2466.79 -2018.28 -1800.09 -1624.47 -1480.07 106.14 -1256.67 -1168.48 2220.11 304.12 -1065.65 -925.05 132.28 3248.94 0.00 0.00 0.00
0.00 0.00 0.00 0.00 0.00 0.00 0.00 18.87 105.80 323.32 354.27 662.72 701.09 731.90 448.51 73.15 81.67 888.04 938.07 669.38 1057.19 1091.86 1168.48 1256.67 1402.17 1531.11 1707.78 1776.09 2148.49 2466.79 2895.79 3505.43 4440.22 6054.84 9514.75 22201.09 -66603.26 643.51 708.55 164.25 162.84 306.22 402.44 -4440.22 -2718.50 -1800.09 -1624.47 -1480.07 -7010.87 -1268.63 -1168.48 -2220.11 10246.66 -965.26 -912.37 -888.04 -822.26 0.00 0.00 0.00
0.00 0.00 0.00 0.00 0.00 0.00 0.00 26.99 429.70 619.57 584.24 480.89 701.09 731.90 246.22 619.57 843.08 888.04 938.07 994.08 1057.19 1110.05 1210.97 1305.95 1417.09 1548.91 1707.78 1902.95 2148.49 2466.79 2895.79 3505.43 4440.22 6054.84 9514.75 22201.09 33301.63 2296.66 341.56 193.05 65.07 78.54 269.10 -2513.33 -2018.28 -1800.09 -1624.47 -1480.07 -1359.25 -1268.63 -1168.48 -1091.86 -1024.67 -965.26 -912.37 -864.98 -3097.83 -1024.67 0.00 0.00
0.00 0.00 0.00 0.00 0.00 0.00 0.00 16.37 89.34 112.98 105.05 634.32 697.42 731.90 735.95 802.45 843.08 888.04 938.07 979.46 1057.19 1128.87 1210.97 1305.95 1417.09 1548.91 1707.78 1902.95 2148.49 2466.79 2895.79 3505.43 4440.22 6054.84 9514.75 22201.09 33301.63 242.63 84.52 71.42 21.12 21.65 173.67 1082.98 -2018.28 -1800.09 -1624.47 -1480.07 -1359.25 -1256.67 -1168.48 -1091.86 -1024.67 -965.26 -912.37 -864.98 450.02 -1178.82 0.00 0.00
0.00 0.00 0.00 0.00 0.00 0.00 0.00 308.35 600.03 622.46 467.39 672.76 701.09 731.90 765.55 802.45 843.08 888.04 938.07 994.08 1057.19 1128.87 1210.97 1305.95 1417.09 1548.91 1707.78 1902.95 2148.49 2466.79 2895.79 3505.43 4440.22 6054.84 9514.75 19029.50 174.58 49.24 33.26 16.30 16.37 41.09 83.10 853.89 -2018.28 -1800.09 -1624.47 -1480.07 -1359.25 -1256.67 -1168.48 -1091.86 -1024.67 -965.26 -912.37 -864.98 -822.26 -783.57 0.00 0.00
0.00 0.00 0.00 0.00 0.00 0.00 0.00 0.00 600.03 622.46 646.63 672.76 701.09 731.90 765.55 802.45 843.08 888.04 938.07 994.08 1057.19 1128.87 1210.97 1305.95 1417.09 1548.91 1707.78 1902.95 2148.49 2466.79 2895.79 3505.43 4440.22 6054.84 2611.89 336.38 69.67 39.80 32.14 41.11 21.31 25.33 34.97 31.01 -4757.38 -1800.09 -1624.47 -1480.07 -1359.25 -1256.67 -1168.48 -1091.86 -1024.67 -965.26 -912.37 -864.98 -822.26 -783.57 0.00 0.00
0.00 0.00 0.00 0.00 0.00 0.00 0.00 0.00 600.03 622.46 646.63 672.76 701.09 731.90 765.55 802.45 843.08 888.04 938.07 994.08 1057.19 1128.87 1210.97 1305.95 1417.09 1548.91 1707.78 1902.95 2148.49 2466.79 2895.79 3505.43 4440.22 6054.84 9514.75 4593.33 592.03 25.80 20.12 11.67 17.80 30.26 113.17 46.51 139.63 -3171.58 -1624.47 -1480.07 -1359.25 -1256.67 -1168.48 -1091.86 -1024.67 -965.26 -912.37 -864.98 -822.26 -783.57 0.00 0.00
0.00 0.00 0.00 0.00 0.00 0.00 0.00 0.00 600.03 622.46 646.63 672.76 701.09 731.90 765.55 802.45 843.08 888.04 938.07 994.08 1057.19 1128.87 1210.97 1305.95 1417.09 1548.91 1707.78 1902.95 2148.49 2466.79 2895.79 3505.43 4440.22 6054.84 9514.75 22201.09 -66603.26 2114.39 41.51 18.70 20.64 18.15 6343.17 -2296.66 -2018.28 -1800.09 -1624.47 -1480.07 -1359.25 -1256.67 -1168.48 -1091.86 -1024.67 -965.26 -912.37 -864.98 -822.26 0.00 0.00 0.00
0.00 0.00 0.00 0.00 0.00 0.00 0.00 0.00 600.03 622.46 646.63 672.76 701.09 731.90 64.57 17.03 17.65 240.01 938.07 994.08 1057.19 1128.87 1210.97 1305.95 1417.09 1548.91 1707.78 1902.95 2148.49 2466.79 2895.79 3505.43 4440.22 6054.84 9514.75 22201.09 656.19 47.24 34.94 27.87 34.45 29.18 22.51 2561.66 -2018.28 -1800.09 -1624.47 -1480.07 -1359.25 -1256.67 -1168.48 -1091.86 -1024.67 -965.26 -912.37 -864.98 -822.26 0.00 0.00 0.00
0.00 0.00 0.00 0.00 0.00 0.00 0.00 0.00 0.00 622.46 646.63 672.76 701.09 731.90 765.55 94.07 23.12 212.11 938.07 994.08 1057.19 1128.87 1210.97 1305.95 1417.09 1548.91 1707.78 1902.95 2148.49 2466.79 2895.79 3505.43 4440.22 6054.84 9514.75 22201.09 -66603.26 -13320.65 -7400.36 -5123.33 -3917.84 -3171.58 -2664.13 -2296.66 -2018.28 -1800.09 -1624.47 -1480.07 -1359.25 -1256.67 -1168.48 -1091.86 -1024.67 -965.26 -912.37 -864.98 0.00 0.00 0.00 0.00
0.00 0.00 0.00 0.00 0.00 0.00 0.00 0.00 0.00 622.46 646.63 672.76 701.09 731.90 666.03 50.80 148.01 622.46 938.07 994.08 1057.19 1128.87 1210.97 1305.95 1417.09 1548.91 1707.78 1902.95 2148.49 2466.79 2895.79 3505.43 4440.22 6054.84 9514.75 22201.09 -66603.26 -13320.65 -7400.36 -5123.33 -3917.84 -3171.58 -2664.13 -2296.66 -2018.28 -1800.09 -1624.47 -1480.07 -1359.25 -1256.67 -1168.48 -1091.86 -1024.67 -965.26 -912.37 -864.98 0.00 0.00 0.00 0.00
0.00 0.00 0.00 0.00 0.00 0.00 0.00 0.00 0.00 622.46 646.63 672.76 701.09 731.90 39.13 51.35 843.08 888.04 938.07 994.08 1057.19 1128.87 1210.97 1305.95 1417.09 1548.91 1707.78 1902.95 2148.49 2466.79 2895.79 3505.43 4440.22 6054.84 9514.75 22201.09 -66603.26 -13320.65 -7400.36 -5123.33 -3917.84 -3171.58 -2664.13 -2296.66 -2018.28 -1800.09 -1624.47 -1480.07 -1359.25 -1256.67 -1168.48 -1091.86 -1024.67 -965.26 -912.37 -864.98 0.00 0.00 0.00 0.00
0.00 0.00 0.00 0.00 0.00 0.00 0.00 0.00 0.00 622.46 646.63 672.76 701.09 693.78 21.95 63.25 843.08 888.04 938.07 994.08 1057.19 1128.87 1210.97 1305.95 1417.09 1548.91 1707.78 1902.95 2148.49 2466.79 2895.79 3505.43 4440.22 6054.84 9514.75 22201.09 -66603.26 -13320.65 -7400.36 -5123.33 -3917.84 -3171.58 -2664.13 -2296.66 -2018.28 -1800.09 -1624.47 -1480.07 -1644.52 394.10 -1168.48 -1091.86 -1024.67 -965.26 -912.37 -864.98 0.00 0.00 0.00 0.00
0.00 0.00 0.00 0.00 0.00 0.00 0.00 0.00 0.00 622.46 646.63 672.76 701.09 42.42 14.31 302.06 843.08 888.04 938.07 994.08 1057.19 1128.87 1210.97 1305.95 1417.09 1548.91 1707.78 1902.95 2148.49 2466.79 2895.79 3505.43 4440.22 6054.84 9514.75 22201.09 -66603.26 -13320.65 -7400.36 -5123.33 -3917.84 -3171.58 -2664.13 -2296.66 -2018.28 -1800.09 -1624.47 -1480.07 -1359.25 90.07 209.77 -1091.86 -1024.67 -965.26 -912.37 -864.98 0.00 0.00 0.00 0.00
0.00 0.00 0.00 0.00 0.00 0.00 0.00 0.00 0.00 622.46 646.63 672.76 701.09 18.93 17.65 802.45 843.08 888.04 938.07 994.08 1057.19 1128.87 1210.97 1305.95 1417.09 1548.91 1707.78 1902.95 2148.49 2466.79 2895.79 3505.43 4440.22 6054.84 9514.75 22201.09 -66603.26 -13320.65 -7400.36 -5123.33 -3917.84 -3171.58 -2664.13 -2296.66 -2018.28 -1800.09 -1624.47 -1480.07 -1359.25 -2257.74 124.96 -1091.86 -1024.67 -965.26 -912.37 0.00 0.00 0.00 0.00 0.00
0.00 0.00 0.00 0.00 0.00 0.00 0.00 0.00 0.00 622.46 646.63 672.76 701.09 13.59 39.22 802.45 843.08 888.04 938.07 994.08 1057.19 1128.87 1210.97 1305.95 1417.09 1548.91 1707.78 1902.95 2148.49 2466.79 2895.79 3505.43 4440.22 6054.84 9514.75 22201.09 -66603.26 -13320.65 -7400.36 -5123.33 -3917.84 -3171.58 -2664.13 -2296.66 -2018.28 -1800.09 -1624.47 -1480.07 -1359.25 -1256.67 605.48 -1091.86 -1024.67 -965.26 -912.37 0.00 0.00 0.00 0.00 0.00
0.00 0.00 0.00 0.00 0.00 0.00 0.00 0.00 0.00 622.46 646.63 672.76 701.09 10.54 46.62 802.45 843.08 888.04 938.07 994.08 1057.19 1128.87 1210.97 1305.95 1417.09 1548.91 1707.78 1902.95 2148.49 2466.79 2895.79 3505.43 4440.22 6054.84 9514.75 22201.09 -66603.26 -13320.65 -7400.36 -5123.33 -3917.84 -3171.58 -2664.13 -2296.66 -2018.28 -1800.09 -1624.47 -1480.07 -1359.25 -1256.67 134.01 -3330.16 -1024.67 -965.26 -912.37 0.00 0.00 0.00 0.00 0.00
0.00 0.00 0.00 0.00 0.00 0.00 0.00 0.00 0.00 0.00 646.63 672.76 153.46 11.72 262.73 802.45 843.08 888.04 938.07 994.08 1057.19 1128.87 1210.97 1305.95 1417.09 1548.91 1707.78 1902.95 2148.49 2466.79 2895.79 3415.55 581.69 769.98 9514.75 22201.09 -66603.26 -13320.65 -7400.36 -5123.33 -3917.84 -3171.58 -2664.13 -2296.66 -2018.28 -1800.09 -1624.47 -1480.07 -1359.25 -1256.67 -1665.08 -1138.52 -1024.67 -965.26 -912.37 0.00 0.00 0.00 0.00 0.00
0.00 0.00 0.00 0.00 0.00 0.00 0.00 0.00 0.00 0.00 0.00 672.76 94.34 10.59 34.46 62.66 86.39 229.27 938.07 994.08 1057.19 1128.87 1210.97 1305.95 1417.09 1548.91 1707.78 1902.95 2148.49 2466.79 248.98 221.64 697.42 24.85 9514.75 22201.09 -66603.26 -13320.65 -7400.36 -5123.33 -3917.84 -3171.58 -2664.13 -2296.66 -2018.28 -1800.09 -1624.47 1091.86 -1359.25 374.18 -2114.39 -1244.92 -1024.67 -965.26 -912.37 0.00 0.00 0.00 0.00 0.00
0.00 0.00 0.00 0.00 0.00 0.00 0.00 0.00 0.00 0.00 0.00 672.76 60.88 12.04 31.66 15.87 12.93 88.04 938.07 994.08 1057.19 1128.87 1210.97 1305.95 1417.09 1548.91 1707.78 1902.95 2148.49 2466.79 126.86 146.38 2611.89 20.27 7400.36 22201.09 -66603.26 -13320.65 -7400.36 -5123.33 -3917.84 -3171.58 -2664.13 -2296.66 -2018.28 -1800.09 -1624.47 275.79 2895.79 1280.83 152.06 1387.57 -1024.67 -965.26 0.00 0.00 0.00 0.00 0.00 0.00
0.00 0.00 0.00 0.00 0.00 0.00 0.00 0.00 0.00 0.00 0.00 0.00 129.33 26.39 69.74 11.50 29.51 67.41 925.05 994.08 1057.19 1128.87 1210.97 1305.95 1417.09 1548.91 1707.78 1902.95 2148.49 1332.07 89.76 45.87 4440.22 38.86 9514.75 22201.09 -66603.26 -13320.65 -7400.36 -5123.33 -3917.84 -3171.58 -2664.13 -2296.66 -2018.28 -1800.09 -1665.08 -66603.26 -1387.57 175.97 -1280.83 -1100.88 -1024.67 0.00 0.00 0.00 0.00 0.00 0.00 0.00
0.00 0.00 0.00 0.00 0.00 0.00 0.00 0.00 0.00 0.00 0.00 0.00 188.68 22.75 30.17 13.64 68.03 102.31 938.07 994.08 1057.19 1128.87 1210.97 1305.95 1417.09 1548.91 1707.78 1902.95 2148.49 541.49 25.02 13.86 113.95 24.14 9514.75 22201.09 -66603.26 -13320.65 -7400.36 -5123.33 -3917.84 -3171.58 -2664.13 -2296.66 -2018.28 -1800.09 -1624.47 305.52 160.10 -6343.17 -2220.11 -1091.86 -1024.67 0.00 0.00 0.00 0.00 0.00 0.00 0.00
0.00 0.00 0.00 0.00 0.00 0.00 0.00 0.00 0.00 0.00 0.00 0.00 669.38 55.07 43.21 40.46 115.63 159.91 765.55 994.08 1057.19 1128.87 1210.97 1305.95 1417.09 1548.91 1707.78 1902.95 802.45 114.54 22.53 13.48 32.59 26.07 2775.14 22201.09 -66603.26 -13320.65 -7400.36 -5123.33 -3917.84 -3171.58 -2664.13 -2296.66 -2018.28 -1800.09 -1624.47 -1776.09 1032.61 329.72 2257.74 -1091.86 -1024.67 0.00 0.00 0.00 0.00 0.00 0.00 0.00
0.00 0.00 0.00 0.00 0.00 0.00 0.00 0.00 0.00 0.00 0.00 0.00 701.09 153.11 186.30 300.69 480.89 792.90 938.07 994.08 1057.19 1128.87 1210.97 1305.95 1417.09 1548.91 1707.78 1902.95 1082.98 361.97 36.60 11.59 17.59 27.52 9514.75 22201.09 -66603.26 -13320.65 -7400.36 -5123.33 -3917.84 -3171.58 -2664.13 -2296.66 -2018.28 -1800.09 -1624.47 -1480.07 -1359.25 -1318.88 -1168.48 -1091.86 -1024.67 0.00 0.00 0.00 0.00 0.00 0.00 0.00
0.00 0.00 0.00 0.00 0.00 0.00 0.00 0.00 0.00 0.00 0.00 0.00 701.09 541.49 470.69 765.55 843.08 888.04 938.07 994.08 1057.19 1128.87 1210.97 1305.95 1417.09 1548.91 1707.78 1902.95 400.02 50.34 30.59 14.28 21.14 26.94 1332.07 22201.09 -66603.26 -13320.65 -7400.36 -5123.33 -3917.84 -3171.58 -2664.13 -2296.66 -2018.28 -1800.09 -1624.47 -1480.07 -1359.25 -1256.67 -1168.48 -1091.86 1009.14 0.00 0.00 0.00 0.00 0.00 0.00 0.00
0.00 0.00 0.00 0.00 0.00 0.00 0.00 0.00 0.00 0.00 0.00 0.00 0.00 222.01 723.95 802.45 843.08 888.04 938.07 994.08 1057.19 1128.87 1210.97 1305.95 1417.09 1548.91 1707.78 265.88 29.42 36.77 28.14 17.13 19.38 26.63 138.18 1531.11 -66603.26 -13320.65 -7400.36 -5123.33 -3917.84 -3171.58 -2664.13 -2296.66 -2018.28 -1800.09 -1624.47 -1480.07 -1359.25 -1256.67 -1168.48 97.02 30.58 0.00 0.00 0.00 0.00 0.00 0.00 0.00
0.00 0.00 0.00 0.00 0.00 0.00 0.00 0.00 0.00 0.00 0.00 0.00 0.00 43.89 765.55 802.45 843.08 888.04 938.07 994.08 1057.19 1128.87 1210.97 1305.95 1417.09 1548.91 1531.11 29.24 15.39 13.95 14.61 14.27 33.85 23.03 132.54 139.05 9514.75 -13320.65 -7400.36 -5123.33 -3917.84 -3171.58 -2664.13 -2296.66 -2018.28 -1800.09 -1624.47 -1480.07 -1359.25 -1256.67 -1168.48 42.83 0.00 0.00 0.00 0.00 0.00 0.00 0.00 0.00
0.00 0.00 0.00 0.00 0.00 0.00 0.00 0.00 0.00 0.00 0.00 0.00 0.00 0.00 765.55 802.45 843.08 888.04 938.07 994.08 1057.19 1128.87 1210.97 1305.95 1417.09 1548.91 28.55 15.51 19.38 14.45 48.67 864.98 4440.22 2561.66 727.90 1024.67 296.01 5550.27 -7400.36 -5123.33 -3917.84 -3171.58 -2664.13 -2296.66 -2018.28 -1800.09 -1624.47 -1480.07 -1359.25 -1256.67 -1168.48 155.25 0.00 0.00 0.00 0.00 0.00 0.00 0.00 0.00
0.00 0.00 0.00 0.00 0.00 0.00 0.00 0.00 0.00 0.00 0.00 0.00 0.00 0.00 55.46 506.49 708.55 888.04 938.07 994.08 1057.19 1128.87 1158.32 1256.67 1119.38 178.80 26.39 69.52 149.00 96.74 1824.75 3505.43 4440.22 6054.84 8880.43 22201.09 -133206.52 1001.55 -7400.36 -5123.33 -3917.84 -3171.58 -2664.13 -2296.66 -2018.28 -1800.09 -1624.47 -1480.07 -1359.25 -22201.09 6054.84 0.00 0.00 0.00 0.00 0.00 0.00 0.00 0.00 0.00
0.00 0.00 0.00 0.00 0.00 0.00 0.00 0.00 0.00 0.00 0.00 0.00 0.00 0.00 15.71 32.06 379.51 555.03 925.05 994.08 1057.19 1128.87 1148.33 1256.67 65.78 49.17 46.84 1902.95 2148.49 2466.79 2895.79 3505.43 4440.22 6054.84 9514.75 22201.09 -66603.26 906.17 -7400.36 -5123.33 -3917.84 -3171.58 -2664.13 -2336.96 -2018.28 -1800.09 -1624.47 -1480.07 -1359.25 -3700.18 226.16 0.00 0.00 0.00 0.00 0.00 0.00 0.00 0.00 0.00
0.00 0.00 0.00 0.00 0.00 0.00 0.00 0.00 0.00 0.00 0.00 0.00 0.00 0.00 27.16 89.34 408.61 518.31 938.07 994.08 1057.19 1128.87 1210.97 240.88 109.19 18.88 27.58 1902.95 2148.49 2466.79 2895.79 3505.43 4440.22 6054.84 9514.75 22201.09 -133206.52 837.78 -10246.66 -5123.33 -3917.84 -3171.58 -2664.13 -2296.66 -2018.28 -1800.09 -1624.47 -1480.07 -1359.25 -1256.67 316.41 0.00 0.00 0.00 0.00 0.00 0.00 0.00 0.00 0.00
0.00 0.00 0.00 0.00 0.00 0.00 0.00 0.00 0.00 0.00 0.00 0.00 0.00 0.00 0.00 205.88 843.08 888.04 938.07 994.08 1057.19 1128.87 552.72 68.70 29.71 11.66 11.97 493.36 2148.49 2466.79 2895.79 3505.43 4440.22 6054.84 9514.75 22201.09 287.08 62.01 313.43 -5550.27 -3917.84 -3171.58 -2664.13 -2296.66 -2018.28 -1800.09 -1624.47 -1480.07 -1359.25 -1256.67 -1168.48 0.00 0.00 0.00 0.00 0.00 0.00 0.00 0.00 0.00
0.00 0.00 0.00 0.00 0.00 0.00 0.00 0.00 0.00 0.00 0.00 0.00 0.00 0.00 0.00 748.35 843.08 888.04 938.07 994.08 1057.19 1128.87 265.88 44.91 22.47 11.23 9.49 67.69 1707.78 2466.79 2895.79 3505.43 4440.22 6054.84 9514.75 22201.09 965.26 388.36 -66603.26 -6660.33 -3917.84 -3171.58 -2664.13 -2296.66 -2018.28 -1800.09 -1624.47 -1480.07 -1359.25 -1256.67 0.00 0.00 0.00 0.00 0.00 0.00 0.00 0.00 0.00 0.00
0.00 0.00 0.00 0.00 0.00 0.00 0.00 0.00 0.00 0.00 0.00 0.00 0.00 0.00 0.00 516.30 765.55 888.04 938.07 994.08 1057.19 1119.38 65.78 23.40 21.73 12.61 14.15 46.17 1138.52 2466.79 2895.79 3505.43 4440.22 6054.84 9514.75 22201.09 22201.09 643.51 265.35 498.90 -5550.27 -4036.56 -2664.13 -2296.66 -2018.28 -1800.09 -1624.47 -1480.07 -1359.25 -1256.67 0.00 0.00 0.00 0.00 0.00 0.00 0.00 0.00 0.00 0.00
0.00 0.00 0.00 0.00 0.00 0.00 0.00 0.00 0.00 0.00 0.00 0.00 0.00 0.00 0.00 21.84 90.99 183.23 193.33 175.97 184.50 115.83 27.96 28.10 16.13 12.99 12.06 18.57 33.37 37.10 147.19 3505.43 4162.70 96.25 131.63 512.33 166.51 268.02 1233.39 287.08 4440.22 240.44 -2664.13 -2296.66 -2018.28 -1800.09 -1624.47 -1480.07 -1373.26 1332.07 0.00 0.00 0.00 0.00 0.00 0.00 0.00 0.00 0.00 0.00
0.00 0.00 0.00 0.00 0.00 0.00 0.00 0.00 0.00 0.00 0.00 0.00 0.00 0.00 0.00 14.11 29.17 43.01 60.00 60.30 74.58 21.46 19.49 17.78 12.97 10.03 16.24 11.79 15.89 22.01 1244.92 1001.55 362.96 602.74 36.72 50.73 59.33 190.30 176.20 426.94 2378.69 480.89 -3415.55 -2296.66 -2018.28 -1800.09 -1644.52 -1513.71 -1480.07 16650.82 0.00 0.00 0.00 0.00 0.00 0.00 0.00 0.00 0.00 0.00
0.00 0.00 0.00 0.00 0.00 0.00 0.00 0.00 0.00 0.00 0.00 0.00 0.00 0.00 0.00 0.00 13.65 20.79 28.71 29.22 17.20 17.40 12.81 23.39 15.57 20.78 36.07 66.80 447.00 2466.79 2895.79 3505.43 4440.22 6054.84 9514.75 4593.33 240.88 351.47 -22201.09 -5328.26 -3917.84 -3415.55 -19029.50 -2296.66 -2018.28 -1800.09 -1624.47 3700.18 387.23 -3097.83 0.00 0.00 0.00 0.00 0.00 0.00 0.00 0.00 0.00 0.00
0.00 0.00 0.00 0.00 0.00 0.00 0.00 0.00 0.00 0.00 0.00 0.00 0.00 0.00 0.00 0.00 10.81 13.95 30.15 17.98 15.31 30.10 16.06 80.83 1110.05 1531.11 1707.78 1902.95 2148.49 2466.79 2895.79 3505.43 4440.22 6054.84 9514.75 22201.09 -66603.26 -13320.65 -7400.36 -5123.33 -3917.84 -3171.58 -3415.55 -2296.66 986.71 -1800.09 -4162.70 -4440.22 -66603.26 -1256.67 0.00 0.00 0.00 0.00 0.00 0.00 0.00 0.00 0.00 0.00
0.00 0.00 0.00 0.00 0.00 0.00 0.00 0.00 0.00 0.00 0.00 0.00 0.00 0.00 0.00 0.00 15.37 10.95 23.69 14.62 27.73 25.34 22.56 1305.95 1417.09 1548.91 1707.78 1902.95 2148.49 2466.79 2895.79 3505.43 4440.22 6054.84 9514.75 22201.09 -66603.26 -13320.65 -7400.36 -5123.33 -3917.84 -3171.58 5328.26 -2513.33 -3600.18 -1800.09 -13320.65 -1729.95 -1513.71 0.00 0.00 0.00 0.00 0.00 0.00 0.00 0.00 0.00 0.00 0.00
0.00 0.00 0.00 0.00 0.00 0.00 0.00 0.00 0.00 0.00 0.00 0.00 0.00 0.00 0.00 0.00 0.00 15.68 19.16 15.75 27.35 22.18 27.09 148.17 66.04 61.19 200.01 351.47 16.57 14.45 21.51 99.48 788.20 36.38 15.63 57.49 -66603.26 1110.05 1074.25 -5328.26 -3917.84 -3171.58 524.44 1930.53 -2018.28 -2081.35 -1665.08 -1548.91 -1359.25 0.00 0.00 0.00 0.00 0.00 0.00 0.00 0.00 0.00 0.00 0.00
0.00 0.00 0.00 0.00 0.00 0.00 0.00 0.00 0.00 0.00 0.00 0.00 0.00 0.00 0.00 0.00 0.00 0.00 228.88 86.78 321.75 143.54 128.21 81.47 15.97 14.39 26.67 132.02 25.40 15.94 18.08 28.52 51.21 56.25 421.54 22201.09 4757.38 93.09 64.29 16650.82 -3917.84 -3171.58 -2664.13 -2296.66 -2018.28 -1800.09 -1624.47 -1480.07 33.24 0.00 0.00 0.00 0.00 0.00 0.00 0.00 0.00 0.00 0.00 0.00
0.00 0.00 0.00 0.00 0.00 0.00 0.00 0.00 0.00 0.00 0.00 0.00 0.00 0.00 0.00 0.00 0.00 0.00 870.63 994.08 1057.19 1040.68 212.79 33.29 11.14 13.34 17.32 246.68 2148.49 2466.79 1988.16 3505.43 4440.22 6054.84 9514.75 22201.09 19029.50 1463.81 788.20 -11100.54 -3917.84 -3171.58 -2664.13 -2296.66 -2018.28 -1800.09 -1624.47 -1480.07 412.40 0.00 0.00 0.00 0.00 0.00 0.00 0.00 0.00 0.00 0.00 0.00
0.00 0.00 0.00 0.00 0.00 0.00 0.00 0.00 0.00 0.00 0.00 0.00 0.00 0.00 0.00 0.00 0.00 0.00 0.00 50.82 347.80 173.45 53.67 43.03 40.23 43.73 50.30 258.15 1850.09 2466.79 2895.79 3505.43 4440.22 6054.84 9514.75 22201.09 -66603.26 1665.08 4296.98 3505.43 -3917.84 -3171.58 -2664.13 -2296.66 -2018.28 -1800.09 133.47 27.27 -1359.25 526.51 0.00 0.00 0.00 0.00 0.00 0.00 0.00 0.00 0.00 0.00
0.00 0.00 0.00 0.00 0.00 0.00 0.00 0.00 0.00 0.00 0.00 0.00 0.00 0.00 0.00 0.00 0.00 0.00 0.00 0.00 1016.84 783.57 278.09 208.46 912.37 1531.11 1707.78 1902.95 2148.49 2466.79 2895.79 3505.43 4440.22 6054.84 9514.75 22201.09 -66603.26 -13320.65 -7400.36 -5123.33 -3917.84 -3171.58 -2664.13 -2296.66 -2018.28 -2336.96 60.82 51.23 -1359.25 -1256.67 297.34 0.00 0.00 0.00 0.00 0.00 0.00 0.00 0.00 0.00
0.00 0.00 0.00 0.00 0.00 0.00 0.00 0.00 0.00 0.00 0.00 0.00 0.00 0.00 0.00 0.00 0.00 0.00 0.00 49.14 994.08 169.69 162.25 321.75 1110.05 1548.91 1707.78 1902.95 2148.49 2466.79 2895.79 3505.43 4440.22 6054.84 9514.75 22201.09 -66603.26 -13320.65 -7400.36 -5123.33 -8880.43 -3171.58 -2664.13 -2296.66 -2018.28 938.07 74.71 58.27 -1359.25 -1256.67 -1168.48 31.70 0.00 0.00 0.00 0.00 0.00 0.00 0.00 0.00
0.00 0.00 0.00 0.00 0.00 0.00 0.00 0.00 0.00 0.00 0.00 0.00 0.00 0.00 0.00 0.00 0.00 0.00 248.06 994.08 1057.19 1128.87 550.44 319.44 1016.84 1548.91 1707.78 1902.95 2148.49 2466.79 2895.79 3505.43 4440.22 6054.84 9514.75 22201.09 -66603.26 -13320.65 -7400.36 -5123.33 -3917.84 -3171.58 -2664.13 -2296.66 -2018.28 -2081.35 196.47 107.42 -1359.25 -1256.67 -1168.48 158.77 16.71 0.00 0.00 0.00 0.00 0.00 0.00 0.00
0.00 0.00 0.00 0.00 0.00 0.00 0.00 0.00 0.00 0.00 0.00 0.00 0.00 0.00 0.00 0.00 0.00 84.25 938.07 994.08 1057.19 1128.87 1210.97 1305.95 1417.09 1548.91 1707.78 1902.95 2148.49 2466.79 2895.79 3505.43 4440.22 6054.84 9514.75 22201.09 -66603.26 -13320.65 -7400.36 -5123.33 -3917.84 -3171.58 -2664.13 -2296.66 -2018.28 -1800.09 -1624.47 -1480.07 -1359.25 -1256.67 -1168.48 -1091.86 75.17 30.15 30.56 17.83 0.00 0.00 0.00 0.00
0.00 0.00 0.00 0.00 0.00 0.00 0.00 0.00 0.00 0.00 0.00 0.00 0.00 0.00 0.00 0.00 44.40 888.04 938.07 994.08 1057.19 1128.87 1210.97 1305.95 1417.09 1548.91 1707.78 1902.95 2148.49 2466.79 2895.79 3505.43 4440.22 6054.84 9514.75 22201.09 -66603.26 -13320.65 -7400.36 -5123.33 -3917.84 -3171.58 -2664.13 -2296.66 -2018.28 -1800.09 -1624.47 -1480.07 -1359.25 -1256.67 -1168.48 -1091.86 -1110.05 -1001.55 -1531.11 50.98 29.18 17.19 0.00 0.00
0.00 0.00 0.00 0.00 0.00 0.00 0.00 0.00 0.00 0.00 0.00 0.00 0.00 0.00 0.00 0.00 843.08 888.04 938.07 994.08 1057.19 1128.87 1210.97 1305.95 1417.09 1548.91 1707.78 1902.95 2148.49 2466.79 2895.79 3505.43 4440.22 6054.84 9514.75 22201.09 -66603.26 -13320.65 -7400.36 -5123.33 -3917.84 -3171.58 -2664.13 -2296.66 -2018.28 -1800.09 -1624.47 -1480.07 -1359.25 -1256.67 -1168.48 -1091.86 -1158.32 -965.26 -912.37 -4440.22 160.30 69.16 21.35 67.93
0.00 0.00 0.00 0.00 0.00 0.00 0.00 0.00 0.00 0.00 0.00 0.00 0.00 0.00 0.00 110.54 843.08 888.04 938.07 994.08 1057.19 1128.87 1210.97 1305.95 1417.09 1548.91 1707.78 1902.95 2148.49 2466.79 2895.79 3505.43 4440.22 6054.84 9514.75 22201.09 -66603.26 -13320.65 -7400.36 -5123.33 -3917.84 -3171.58 -2664.13 -2296.66 -2018.28 -1800.09 -1624.47 -1480.07 -1359.25 -1256.67 -1168.48 -1091.86 543.70 -1567.14 -912.37 -864.98 -1016.84 1930.53 88.92 85.61
0.00 0.00 0.00 0.00 0.00 0.00 0.00 0.00 0.00 0.00 0.00 0.00 0.00 11.30 13.18 78.54 843.08 888.04 938.07 888.04 1057.19 1128.87 1210.97 1305.95 1417.09 1548.91 1707.78 1902.95 2148.49 2466.79 2895.79 3505.43 4440.22 6054.84 9514.75 22201.09 -66603.26 -13320.65 -7400.36 -5123.33 -3917.84 -3171.58 -2664.13 -2296.66 -2018.28 -1800.09 -1624.47 -1480.07 -1359.25 -1256.67 -1168.48 -1091.86 81.72 172.10 -912.37 -864.98 389.49 -783.57 -769.98 -1318.88
0.00 0.00 0.00 0.00 0.00 0.00 0.00 0.00 0.00 0.00 0.00 17.23 15.11 34.23 23.13 163.64 843.08 888.04 938.07 49.39 1057.19 1128.87 1210.97 1305.95 1417.09 1548.91 1707.78 1902.95 2148.49 2466.79 2895.79 3505.43 4440.22 6054.84 9514.75 22201.09 -66603.26 -13320.65 -7400.36 -5123.33 -3917.84 -3171.58 -2664.13 -2296.66 -2018.28 -1800.09 -1624.47 -1480.07 -1359.25 -1256.67 -1168.48 -1091.86 200.31 -1567.14 -912.37 -864.98 -2049.33 -1644.52 -748.35 -716.16
0.00 0.00 0.00 0.00 0.00 0.00 0.00 0.00 0.00 13.79 12.88 13.97 22.04 28.51 25.94 343.32 843.08 888.04 938.07 30.91 1057.19 1128.87 1210.97 1305.95 1417.09 1548.91 1707.78 1902.95 2148.49 2466.79 2895.79 3505.43 4440.22 6054.84 9514.75 22201.09 -66603.26 -13320.65 -7400.36 -5123.33 -3917.84 -3171.58 -2664.13 -2296.66 -2018.28 -1800.09 -1624.47 -1480.07 -1359.25 -1256.67 -1168.48 -1091.86 -2718.50 -1001.55 -912.37 -864.98 -822.26 436.74 -748.35 -1548.91
0.00 0.00 0.00 0.00 0.00 0.00 0.00 14.60 16.69 28.61 32.51 103.50 180.50 64.29 128.33 761.18 843.08 888.04 938.07 20.04 1057.19 1128.87 1210.97 1305.95 1417.09 1548.91 1707.78 1902.95 2148.49 2466.79 2895.79 3505.43 4440.22 6054.84 9514.75 22201.09 -66603.26 -13320.65 -7400.36 -5123.33 -3917.84 -3171.58 -2664.13 -2296.66 -2018.28 -1800.09 -1624.47 -1480.07 -1624.47 -1256.67 -1168.48 -1091.86 -1024.67 -965.26 -912.37 -864.98 -822.26 -783.57 -748.35 -716.16
0.00 0.00 0.00 0.00 16.27 15.87 16.92 21.62 36.13 84.10 237.87 293.41 701.09 25.01 89.34 802.45 843.08 888.04 938.07 27.66 34.64 1128.87 1210.97 1305.95 1417.09 1548.91 1707.78 1902.95 2148.49 2466.79 2895.79 3505.43 4440.22 6054.84 9514.75 22201.09 -66603.26 -13320.65 -7400.36 -5123.33 -3917.84 -3171.58 -2664.13 -2296.66 -2018.28 -1800.09 -1624.47 -1480.07 44.63 -1256.67 -1168.48 -1091.86 -1024.67 -965.26 -912.37 -864.98 -822.26 -783.57 -748.35 -716.16
0.00 0.00 0.00 20.60 23.95 31.52 67.96 83.62 413.68 622.46 646.63 672.76 191.39 43.14 95.22 802.45 843.08 888.04 938.07 389.49 16.87 54.70 1210.97 1305.95 1417.09 1548.91 1707.78 1902.95 2148.49 2466.79 2895.79 3505.43 4440.22 6054.84 9514.75 22201.09 -66603.26 -13320.65 -7400.36 -5123.33 -3917.84 -3171.58 -2664.13 -2296.66 -2018.28 -1800.09 1009.14 40.86 3330.16 -1256.67 -1168.48 -1091.86 -1024.67 -965.26 -912.37 -864.98 -822.26 -783.57 -748.35 -716.16
0.00 13.24 14.38 17.43 18.29 66.50 342.43 289.58 354.27 622.46 646.63 672.76 28.26 15.74 50.73 574.17 817.22 888.04 938.07 239.58 22.45 15.60 81.22 1305.95 1417.09 1548.91 1707.78 1902.95 2148.49 2466.79 2895.79 3505.43 4440.22 6054.84 9514.75 22201.09 -66603.26 -13320.65 -7400.36 -5123.33 -3917.84 -3171.58 -2664.13 -2296.66 -2018.28 119.68 30.19 -1548.91 -1359.25 -1256.67 -1168.48 -1091.86 -1024.67 -965.26 -912.37 -864.98 -822.26 -783.57 -788.20 -716.16
11.71 16.00 16.33 35.92 196.76 445.51 85.44 91.55 539.30 622.46 646.63 271.85 24.47 22.31 48.56 290.21 802.45 882.16 938.07 994.08 34.54 35.12 15.62 44.21 1417.09 1548.91 1707.78 1902.95 2148.49 2466.79 2895.79 3505.43 4440.22 6054.84 9514.75 22201.09 -66603.26 -13320.65 -7400.36 -5123.33 -3917.84 -3171.58 -2664.13 129.83 32.47 58.99 -1624.47 -1480.07 -1359.25 -1256.67 -1168.48 -1091.86 -1024.67 -965.26 -912.37 -864.98 -822.26 -783.57 -748.35 -716.16
10.64 19.13 20.75 23.56 146.22 359.05 15.34 88.39 600.03 622.46 574.17 24.90 11.61 11.13 31.91 158.77 89.88 562.05 938.07 56.73 31.57 13.07 39.63 24.04 20.71 82.43 1707.78 1902.95 2148.49 2466.79 2895.79 3505.43 4440.22 6054.84 9514.75 22201.09 -66603.26 -13320.65 -7400.36 -5123.33 -3917.84 89.52 26.45 30.18 -2081.35 -1800.09 -1624.47 -1480.07 -1359.25 -1256.67 -1168.48 -1091.86 -1024.67 -965.26 -912.37 -864.98 -822.26 -783.57 486.16 -1048.87
30.98 18.70 35.21 256.66 524.44 59.71 29.92 579.16 600.03 622.46 368.99 29.24 26.16 31.88 56.47 58.63 90.37 370.02 938.07 931.51 16.69 23.18 31.01 38.33 30.98 25.12 47.20 140.51 2148.49 2466.79 2895.79 3505.43 4440.22 6054.84 9514.75 22201.09 -66603.26 -13320.65 -7400.36 111.10 49.69 47.68 -4757.38 3600.18 -2183.71 -1800.09 -1624.47 -1480.07 -1359.25 -1256.67 1268.63 -14800.72 -1024.67 -965.26 -912.37 -864.98 -822.26 -783.57 211.78 1048.87
24.81 51.47 413.68 508.42 524.44 63.86 123.45 579.16 600.03 622.46 239.15 50.34 88.22 77.18 125.31 127.23 127.23 404.88 938.07 994.08 150.35 22.92 21.14 39.39 63.10 91.99 1531.11 49.35 272.41 2081.35 353.33 3505.43 4440.22 6054.84 262.22 201.52 157.27 196.18 130.72 -5328.26 -3917.84 584.24 669.38 -2513.33 -2018.28 338.09 -1624.47 -1480.07 -1359.25 -1256.67 -4036.56 -1100.88 -1024.67 -965.26 -912.37 -864.98 -822.26 -783.57 -16650.82 -1729.95
132.94 479.16 493.36 508.42 524.44 292.76 495.19 579.16 600.03 622.46 541.49 86.78 93.15 74.46 213.47 123.23 237.44 882.16 938.07 994.08 1057.19 390.63 73.80 15.49 46.76 475.74 1280.83 1016.84 2148.49 2466.79 2664.13 3415.55 1930.53 5123.33 9514.75 22201.09 -66603.26 -13320.65 -7400.36 -5123.33 516.30 -14800.72 -2664.13 55.16 29.87 -1800.09 -1624.47 -1480.07 -1359.25 -1256.67 -1417.09 -1100.88 -1024.67 -965.26 -912.37 -864.98 -822.26 -783.57 379.51 -716.16
465.76 479.16 493.36 508.42 520.34 104.39 404.88 579.16 600.03 622.46 137.18 29.35 41.51 45.63 42.63 35.35 195.89 837.78 938.07 994.08 1057.19 216.24 342.43 75.09 14.95 21.18 135.37 1800.09 2148.49 2148.49 1480.07 3505.43 4440.22 6054.84 9514.75 22201.09 1119.38 817.22 66603.26 -5123.33 652.97 32.43 24.57 40.21 -2018.28 -1800.09 -7400.36 -1480.07 -1359.25 -1256.67 -1168.48 -1138.52 -1024.67 -965.26 -912.37 -864.98 -822.26 -783.57 -931.51 -731.90
465.76 479.16 493.36 508.42 524.44 93.61 550.44 579.16 600.03 622.46 39.22 61.36 43.11 25.48 19.68 27.75 56.35 126.14 541.49 994.08 1057.19 107.86 532.83 35.90 67.69 31.48 11.62 16.67 41.86 752.58 2895.79 3505.43 4440.22 6054.84 9514.75 22201.09 -66603.26 330.54 66.07 96.67 40.16 284.02 -2664.13 -2296.66 -2018.28 -1800.09 -1624.47 -1644.52 -1359.25 -1256.67 -1280.83 -4593.33 -1024.67 -965.26 -912.37 -864.98 -822.26 -783.57 -748.35 -716.16
465.76 479.16 493.36 445.51 524.44 38.48 432.49 579.16 600.03 271.85 18.40 77.67 31.66 14.24 9.12 9.32 19.08 221.64 534.97 994.08 1057.19 20.68 53.80 24.96 17.27 61.58 168.83 87.81 37.30 43.62 2611.89 3505.43 4440.22 6054.84 9514.75 22201.09 1686.16 257.65 428.32 -5123.33 -3917.84 -3171.58 -2664.13 -2296.66 -2018.28 -1800.09 676.18 853.89 -1359.25 -1256.67 -1168.48 -1091.86 -1032.61 -965.26 -912.37 -864.98 -822.26 -783.57 -748.35 -716.16
465.76 479.16 493.36 508.42 524.44 34.20 408.61 579.16 600.03 402.44 22.08 152.24 87.01 21.88 9.85 10.81 27.68 69.92 186.83 912.37 1057.19 25.36 146.70 894.00 42.69 13.92 22.07 53.97 406.12 2466.79 2895.79 3505.43 4440.22 6054.84 9514.75 22201.09 -66603.26 -13320.65 -7400.36 223.50 105.72 197.34 -2664.13 -2296.66 -2018.28 -1800.09 -1624.47 486.16 -1359.25 -1256.67 -1178.82 -1091.86 -1024.67 -965.26 -912.37 -864.98 -822.26 -783.57 -748.35 -716.16
465.76 479.16 493.36 508.42 524.44 45.54 559.69 579.16 600.03 89.40 15.99 119.25 55.41 15.00 9.82 10.81 20.23 77.58 384.99 506.49 853.89 15.34 39.56 701.09 545.93 102.07 16.69 23.94 87.64 110.27 65.94 321.75 972.31 6054.84 9514.75 22201.09 3171.58 324.89 110.45 581.69 133206.52 1318.88 -2664.13 -2466.79 -2018.28 -1800.09 -2018.28 245.77 -1359.25 -1256.67 -1178.82 -1665.08 -1024.67 -965.26 -912.37 -864.98 -822.26 -783.57 -748.35 -716.16
465.76 479.16 493.36 508.42 439.63 57.39 559.69 579.16 600.03 52.65 17.47 132.68 25.81 13.23 10.85 10.41 25.97 83.94 294.70 241.32 652.97 16.80 37.27 110.36 182.23 79.15 51.33 42.34 23.94 15.47 11.49 15.81 37.47 228.88 442.55 1402.17 417.58 328.90 272.41 190.02 179.04 -7835.68 -2664.13 -2296.66 -2018.28 -1800.09 -1624.47 360.02 -1359.25 -1256.67 -1168.48 -1091.86 -1024.67 -965.26 -912.37 -864.98 -822.26 -783.57 -748.35 -716.16
465.76 479.16 493.36 508.42 112.51 176.43 559.69 579.16 407.36 39.88 60.14 57.47 28.96 13.62 12.84 14.98 25.50 194.75 368.99 683.11 1040.68 23.80 20.60 29.35 24.63 25.00 54.17 54.06 15.60 12.67 15.39 21.65 28.91 44.67 38.02 35.10 25.00 29.97 30.57 19.45 87.93 -3171.58 -2664.13 -2296.66 -2018.28 -1800.09 -1624.47 126.98 152.76 -1256.67 -1168.48 -1091.86 -1024.67 -965.26 -912.37 -864.98 -822.26 -783.57 -748.35 -716.16
465.76 479.16 493.36 508.42 439.63 541.49 559.69 579.16 491.54 131.11 646.63 504.57 701.09 96.74 94.01 226.93 401.22 888.04 938.07 994.08 1057.19 112.98 21.96 36.78 207.16 142.31 106.39 254.70 1387.57 2257.74 304.12 251.81 57.24 20.12 13.38 13.41 11.21 12.96 16.93 58.25 -3917.84 -3171.58 -2664.13 -2296.66 -2018.28 -1800.09 -1624.47 727.90 180.99 -1256.67 -1168.48 -1091.86 -1024.67 -965.26 -912.37 -864.98 -822.26 -783.57 -748.35 -716.16
465.76 479.16 493.36 508.42 524.44 541.49 559.69 579.16 600.03 622.46 646.63 672.76 701.09 731.90 765.55 802.45 843.08 888.04 938.07 994.08 1057.19 1128.87 1210.97 1305.95 569.26 447.00 1402.17 876.36 2114.39 2466.79 84.36 15.13 25.41 18.38 18.63 29.54 21.30 29.89 402.44 -5123.33 -3917.84 -3171.58 -2664.13 -2296.66 -2018.28 -1800.09 -1624.47 -1480.07 -1387.57 -1256.67 -1168.48 -1091.86 -1024.67 -965.26 -912.37 -864.98 -822.26 -783.57 -748.35 -716.16
465.76 479.16 493.36 508.42 524.44 541.49 559.69 579.16 600.03 622.46 637.35 672.76 701.09 731.90 765.55 802.45 843.08 888.04 938.07 994.08 1057.19 1128.87 1210.97 1305.95 1417.09 1548.91 1707.78 817.22 166.93 278.09 1074.25 27.94 20.97 19.96 19.40 15.08 12.34 36.56 3248.94 -5123.33 -3917.84 -3171.58 -2664.13 -2296.66 -2018.28 -1800.09 -1624.47 -1480.07 -1359.25 -1256.67 -1168.48 -1091.86 -1024.67 -965.26 -912.37 -864.98 -822.26 -783.57 -748.35 -716.16
